# lepton flux_name scaled with E**3. note only has conv plus prompt Order ( nue_total)
7.41162E-03
8.05327E-03
8.20686E-03
7.83669E-03
7.06858E-03
6.10991E-03
5.14431E-03
4.27559E-03
3.54110E-03
2.94547E-03
2.47195E-03
2.09905E-03
1.80563E-03
1.57407E-03
1.38878E-03
1.23601E-03
1.10588E-03
9.91956E-04
8.89746E-04
7.95935E-04
7.07992E-04
6.24806E-04
5.46620E-04
4.75265E-04
4.11240E-04
3.54748E-04
3.06474E-04
2.66998E-04
2.36314E-04
2.13738E-04
1.98236E-04
1.88792E-04
1.84726E-04
1.85192E-04
1.90096E-04
1.99563E-04
2.14524E-04
2.34763E-04
2.59188E-04
2.88527E-04
3.22726E-04
3.60950E-04
4.01654E-04
4.45508E-04
4.93416E-04
5.45841E-04
6.05204E-04
6.74476E-04
7.52307E-04
8.35773E-04
9.20139E-04
1.00352E-03
1.08428E-03
1.15798E-03
1.22505E-03
1.28506E-03
1.33528E-03
1.37305E-03
1.39003E-03
1.38439E-03
1.36033E-03
1.32013E-03
1.26665E-03
1.20064E-03
1.11648E-03
1.01881E-03
9.25735E-04
8.34150E-04
7.46965E-04
6.69164E-04
5.90721E-04
5.17724E-04
4.50118E-04
3.84807E-04
3.23289E-04
2.65998E-04
2.12948E-04
1.63208E-04
1.18829E-04
8.12257E-05
5.11954E-05
2.88224E-05
1.42574E-05
5.90761E-06
1.85893E-06
3.56311E-07
2.25706E-08
2.89665E-13
