# lepton flux_name scaled with E**3. note only has conv plus prompt Order ( nue_total)
1.08371E-02
1.28246E-02
1.42613E-02
1.48355E-02
1.44901E-02
1.34281E-02
1.19678E-02
1.03808E-02
8.84036E-03
7.44575E-03
6.23039E-03
5.19703E-03
4.33417E-03
3.62580E-03
3.05202E-03
2.59041E-03
2.21999E-03
1.92278E-03
1.68281E-03
1.48551E-03
1.31795E-03
1.17027E-03
1.03640E-03
9.14646E-04
8.03151E-04
7.00820E-04
6.08383E-04
5.27543E-04
4.59308E-04
4.03173E-04
3.57969E-04
3.22640E-04
2.96393E-04
2.78064E-04
2.67233E-04
2.63591E-04
2.67719E-04
2.79161E-04
2.96514E-04
3.20191E-04
3.49849E-04
3.84473E-04
4.22415E-04
4.64397E-04
5.11354E-04
5.63867E-04
6.24634E-04
6.96950E-04
7.80045E-04
8.71641E-04
9.67821E-04
1.06773E-03
1.17084E-03
1.27375E-03
1.37805E-03
1.48416E-03
1.58942E-03
1.69081E-03
1.77814E-03
1.84734E-03
1.89955E-03
1.93362E-03
1.95065E-03
1.94692E-03
1.90773E-03
1.83342E-03
1.74839E-03
1.64703E-03
1.53515E-03
1.42293E-03
1.29437E-03
1.16324E-03
1.03198E-03
8.96815E-04
7.63259E-04
6.34331E-04
5.11706E-04
3.94511E-04
2.88546E-04
1.97918E-04
1.25067E-04
7.05542E-05
3.49555E-05
1.45016E-05
4.56730E-06
8.76099E-07
5.55139E-08
6.97350E-13
