7.51781E-03,8.21970E-03,8.80041E-03,9.36166E-03,9.93364E-03,1.04847E-02,1.09755E-02,1.13698E-02,1.16269E-02,1.17347E-02,1.17535E-02,1.17346E-02,1.16212E-02,1.13375E-02,1.08887E-02,1.03308E-02,9.72155E-03,9.10416E-03,8.50518E-03,7.93906E-03,7.41162E-03
8.18760E-03,9.06561E-03,9.82498E-03,1.05919E-02,1.14132E-02,1.22532E-02,1.30562E-02,1.37581E-02,1.42644E-02,1.45012E-02,1.45472E-02,1.45007E-02,1.42524E-02,1.36977E-02,1.29105E-02,1.20177E-02,1.11114E-02,1.02450E-02,9.44269E-03,8.71258E-03,8.05327E-03
8.36166E-03,9.36572E-03,1.02685E-02,1.12168E-02,1.22795E-02,1.34296E-02,1.46088E-02,1.57347E-02,1.66454E-02,1.71321E-02,1.72382E-02,1.71311E-02,1.66222E-02,1.56328E-02,1.43897E-02,1.31061E-02,1.18925E-02,1.07936E-02,9.81843E-03,8.96052E-03,8.20686E-03
7.99988E-03,9.05216E-03,1.00306E-02,1.10946E-02,1.23363E-02,1.37515E-02,1.53015E-02,1.69174E-02,1.83944E-02,1.93194E-02,1.95530E-02,1.93175E-02,1.83534E-02,1.67638E-02,1.50071E-02,1.33523E-02,1.18880E-02,1.06261E-02,9.54759E-03,8.62661E-03,7.83669E-03
7.22765E-03,8.24727E-03,9.22317E-03,1.03166E-02,1.16387E-02,1.32163E-02,1.50514E-02,1.71297E-02,1.92760E-02,2.08805E-02,2.13705E-02,2.08767E-02,1.92115E-02,1.69231E-02,1.46964E-02,1.27708E-02,1.11658E-02,9.84144E-03,8.74623E-03,7.83461E-03,7.06858E-03
6.25569E-03,7.18299E-03,8.09269E-03,9.13831E-03,1.04416E-02,1.20598E-02,1.40437E-02,1.64641E-02,1.92686E-02,2.17853E-02,2.27515E-02,2.17785E-02,1.91777E-02,1.62142E-02,1.36541E-02,1.16032E-02,9.98033E-03,8.69026E-03,7.65284E-03,6.80781E-03,6.10991E-03
5.27228E-03,6.07750E-03,6.88423E-03,7.83184E-03,9.04356E-03,1.05991E-02,1.25934E-02,1.51880E-02,1.85195E-02,2.20845E-02,2.38494E-02,2.20736E-02,1.84042E-02,1.49115E-02,1.21975E-02,1.01616E-02,8.61981E-03,7.43195E-03,6.49872E-03,5.75213E-03,5.14431E-03
4.38487E-03,5.06193E-03,5.75270E-03,6.57928E-03,7.65906E-03,9.08432E-03,1.09805E-02,1.35833E-02,1.72336E-02,2.18196E-02,2.47715E-02,2.18036E-02,1.71002E-02,1.32988E-02,1.06012E-02,8.68563E-03,7.28683E-03,6.23651E-03,5.42701E-03,4.78894E-03,4.27559E-03
3.63283E-03,4.18942E-03,4.76644E-03,5.46806E-03,6.40121E-03,7.66166E-03,9.39008E-03,1.18691E-02,1.56112E-02,2.10198E-02,2.55155E-02,2.09989E-02,1.54681E-02,1.15925E-02,9.04270E-03,7.31188E-03,6.08502E-03,5.18299E-03,4.49862E-03,3.96570E-03,3.54110E-03
3.02175E-03,3.47232E-03,3.94617E-03,4.53051E-03,5.31958E-03,6.40611E-03,7.93316E-03,1.02023E-02,1.38393E-02,1.97575E-02,2.59920E-02,1.97325E-02,1.36950E-02,9.94469E-03,7.62546E-03,6.10777E-03,5.05766E-03,4.29873E-03,3.73026E-03,3.29196E-03,2.94547E-03
2.53512E-03,2.89575E-03,3.28000E-03,3.75976E-03,4.41608E-03,5.33455E-03,6.65153E-03,8.66466E-03,1.20515E-02,1.81289E-02,2.60325E-02,1.81012E-02,1.19128E-02,8.43272E-03,6.38595E-03,5.08570E-03,4.20355E-03,3.57483E-03,3.10873E-03,2.75216E-03,2.47195E-03
2.15138E-03,2.43767E-03,2.74633E-03,3.13594E-03,3.67481E-03,4.43927E-03,5.55344E-03,7.29543E-03,1.03421E-02,1.62615E-02,2.54849E-02,1.62329E-02,1.02138E-02,7.09200E-03,5.32895E-03,4.23556E-03,3.50547E-03,2.99085E-03,2.61236E-03,2.32444E-03,2.09905E-03
1.84923E-03,2.07546E-03,2.32194E-03,2.63593E-03,3.07407E-03,3.70262E-03,4.63070E-03,6.10779E-03,8.77255E-03,1.42926E-02,2.42898E-02,1.42645E-02,8.65749E-03,5.93308E-03,4.44417E-03,3.53856E-03,2.94136E-03,2.52387E-03,2.21842E-03,1.98675E-03,1.80563E-03
1.61086E-03,1.78975E-03,1.98639E-03,2.23866E-03,2.59285E-03,3.10526E-03,3.86916E-03,5.10136E-03,7.37965E-03,1.23476E-02,2.25109E-02,1.23211E-02,7.27889E-03,4.95384E-03,3.71632E-03,2.97492E-03,2.49037E-03,2.15328E-03,1.90712E-03,1.72037E-03,1.57407E-03
1.42042E-03,1.56291E-03,1.72063E-03,1.92385E-03,2.21002E-03,2.62603E-03,3.24970E-03,4.26458E-03,6.17659E-03,1.05193E-02,2.03020E-02,1.04953E-02,6.09009E-03,4.14170E-03,3.12580E-03,2.52358E-03,2.13185E-03,1.85952E-03,1.66023E-03,1.50840E-03,1.38878E-03
1.26382E-03,1.37893E-03,1.50695E-03,1.67216E-03,1.90460E-03,2.24273E-03,2.74994E-03,3.57807E-03,5.15828E-03,8.86278E-03,1.78501E-02,8.84152E-03,5.08523E-03,3.47676E-03,2.65021E-03,2.16276E-03,1.84554E-03,1.62407E-03,1.46093E-03,1.33562E-03,1.23601E-03
1.13086E-03,1.22568E-03,1.33145E-03,1.46783E-03,1.65881E-03,1.93551E-03,2.34846E-03,3.02042E-03,4.31011E-03,7.40360E-03,1.53324E-02,7.38524E-03,4.24926E-03,2.93745E-03,2.26840E-03,1.87327E-03,1.61445E-03,1.43204E-03,1.29622E-03,1.19070E-03,1.10588E-03
1.01479E-03,1.09470E-03,1.18403E-03,1.29890E-03,1.45857E-03,1.68802E-03,2.02666E-03,2.57168E-03,3.61496E-03,6.15118E-03,1.29013E-02,6.13566E-03,3.56477E-03,2.50383E-03,1.96216E-03,1.63938E-03,1.42527E-03,1.27226E-03,1.15675E-03,1.06586E-03,9.91956E-04
9.10842E-04,9.79776E-04,1.05697E-03,1.15595E-03,1.29232E-03,1.48617E-03,1.76776E-03,2.21264E-03,3.05369E-03,5.10281E-03,1.06724E-02,5.08992E-03,3.01248E-03,2.15686E-03,1.71524E-03,1.44771E-03,1.26714E-03,1.13597E-03,1.03551E-03,9.55478E-04,8.89746E-04
8.15504E-04,8.76138E-04,9.44220E-04,1.03130E-03,1.15033E-03,1.31760E-03,1.55622E-03,1.92416E-03,2.60442E-03,4.24368E-03,8.71472E-03,4.23309E-03,2.57049E-03,1.87774E-03,1.51268E-03,1.28660E-03,1.13099E-03,1.01610E-03,9.26974E-04,8.55269E-04,7.95935E-04
7.26083E-04,7.80096E-04,8.40977E-04,9.18799E-04,1.02454E-03,1.17170E-03,1.37803E-03,1.68790E-03,2.24371E-03,3.54963E-03,7.05391E-03,3.54099E-03,2.21553E-03,1.64860E-03,1.34119E-03,1.14612E-03,1.00936E-03,9.07007E-04,8.26846E-04,7.61934E-04,7.07992E-04
6.41371E-04,6.89714E-04,7.44483E-04,8.14576E-04,9.09534E-04,1.04079E-03,1.22230E-03,1.48830E-03,1.94944E-03,2.99190E-03,5.68292E-03,2.98486E-03,1.92572E-03,1.45445E-03,1.19053E-03,1.01921E-03,8.97310E-04,8.05235E-04,7.32718E-04,6.73816E-04,6.24806E-04
5.61577E-04,6.04755E-04,6.53972E-04,7.17134E-04,8.02690E-04,9.20572E-04,1.08212E-03,1.31435E-03,1.70400E-03,2.54369E-03,4.57899E-03,2.53790E-03,1.68373E-03,1.28477E-03,1.05431E-03,9.02020E-04,7.92614E-04,7.09581E-04,6.44066E-04,5.90849E-04,5.46620E-04
4.88572E-04,5.26913E-04,5.70907E-04,6.27586E-04,7.04524E-04,8.10518E-04,9.55173E-04,1.16054E-03,1.49593E-03,2.18276E-03,3.70948E-03,2.17796E-03,1.47837E-03,1.13443E-03,9.30619E-04,7.94365E-04,6.96044E-04,6.21365E-04,5.62508E-04,5.14803E-04,4.75265E-04
4.22894E-04,4.56624E-04,4.95592E-04,5.46029E-04,6.14749E-04,7.09644E-04,8.39167E-04,1.02199E-03,1.31503E-03,1.88729E-03,3.03157E-03,1.88324E-03,1.29966E-03,9.98866E-04,8.17435E-04,6.95498E-04,6.07513E-04,5.40837E-04,4.88461E-04,4.46163E-04,4.11240E-04
3.64788E-04,3.94100E-04,4.28195E-04,4.72541E-04,5.33249E-04,6.17418E-04,7.32688E-04,8.95410E-04,1.15361E-03,1.63881E-03,2.50210E-03,1.63536E-03,1.14014E-03,8.74983E-04,7.13541E-04,6.05053E-04,5.27040E-04,4.68184E-04,4.22163E-04,3.85165E-04,3.54748E-04
3.14994E-04,3.40141E-04,3.69578E-04,4.08055E-04,4.60999E-04,5.34764E-04,6.36333E-04,7.80350E-04,1.00834E-03,1.42538E-03,2.08550E-03,1.42240E-03,9.96567E-04,7.62457E-04,6.19617E-04,5.24028E-04,4.55676E-04,4.04398E-04,3.64513E-04,3.32599E-04,3.06474E-04
2.74149E-04,2.95500E-04,3.20641E-04,3.53654E-04,3.99305E-04,4.63234E-04,5.51822E-04,6.78321E-04,8.79258E-04,1.24101E-03,1.75497E-03,1.23844E-03,8.69033E-04,6.62800E-04,5.37371E-04,4.53986E-04,3.94758E-04,3.50591E-04,3.16415E-04,2.89193E-04,2.66998E-04
2.42280E-04,2.60287E-04,2.81597E-04,3.09693E-04,3.48721E-04,4.03633E-04,4.80219E-04,5.90487E-04,7.66873E-04,1.08227E-03,1.49056E-03,1.08005E-03,7.58060E-04,5.77146E-04,4.67834E-04,3.95722E-04,3.44851E-04,3.07131E-04,2.78084E-04,2.55040E-04,2.36314E-04
2.18695E-04,2.33799E-04,2.51749E-04,2.75497E-04,3.08611E-04,3.55393E-04,4.21032E-04,5.16343E-04,6.70180E-04,9.45261E-04,1.27577E-03,9.43353E-04,6.62650E-04,5.04981E-04,4.10506E-04,3.48672E-04,3.05331E-04,2.73359E-04,2.48839E-04,2.29451E-04,2.13738E-04
2.02338E-04,2.14943E-04,2.29975E-04,2.49916E-04,2.77806E-04,3.17339E-04,3.73090E-04,4.54690E-04,5.87675E-04,8.26561E-04,1.09795E-03,8.24932E-04,5.81308E-04,4.45106E-04,3.64219E-04,3.11668E-04,2.75041E-04,2.48138E-04,2.27573E-04,2.11353E-04,1.98236E-04
1.92182E-04,2.02661E-04,2.15191E-04,2.31849E-04,2.55198E-04,2.88372E-04,3.35345E-04,4.04571E-04,5.18442E-04,7.24424E-04,9.49243E-04,7.23045E-04,5.13111E-04,3.96556E-04,3.27922E-04,2.83615E-04,2.52877E-04,2.30374E-04,2.13214E-04,1.99704E-04,1.88792E-04
1.87527E-04,1.96224E-04,2.06641E-04,2.20510E-04,2.39978E-04,2.67676E-04,3.07006E-04,3.65289E-04,4.61943E-04,6.38123E-04,8.25171E-04,6.36967E-04,4.57515E-04,3.58629E-04,3.00827E-04,2.63703E-04,2.38036E-04,2.19289E-04,2.05015E-04,1.93788E-04,1.84726E-04
1.87509E-04,1.94722E-04,2.03370E-04,2.14895E-04,2.31082E-04,2.54121E-04,2.86890E-04,3.35643E-04,4.17030E-04,5.66446E-04,7.22143E-04,5.65485E-04,4.13376E-04,3.30138E-04,2.81765E-04,2.50813E-04,2.29461E-04,2.13885E-04,2.02033E-04,1.92714E-04,1.85192E-04
1.92019E-04,1.98006E-04,2.05188E-04,2.14762E-04,2.28207E-04,2.47336E-04,2.74554E-04,3.15149E-04,3.83240E-04,5.08982E-04,6.38339E-04,5.08188E-04,3.80238E-04,3.10610E-04,2.70312E-04,2.44585E-04,2.26856E-04,2.13926E-04,2.04087E-04,1.96347E-04,1.90096E-04
2.01163E-04,2.06139E-04,2.12108E-04,2.20064E-04,2.31230E-04,2.47096E-04,2.69654E-04,3.03328E-04,3.59980E-04,4.65034E-04,5.72114E-04,4.64382E-04,3.57522E-04,2.99593E-04,2.66145E-04,2.44808E-04,2.30103E-04,2.19373E-04,2.11200E-04,2.04766E-04,1.99563E-04
2.15860E-04,2.20006E-04,2.24978E-04,2.31601E-04,2.40886E-04,2.54053E-04,2.72740E-04,3.00621E-04,3.47581E-04,4.34856E-04,5.23170E-04,4.34323E-04,3.45572E-04,2.97549E-04,2.69836E-04,2.52148E-04,2.39944E-04,2.31028E-04,2.24227E-04,2.18865E-04,2.14524E-04
2.35887E-04,2.39361E-04,2.43525E-04,2.49069E-04,2.56827E-04,2.67801E-04,2.83336E-04,3.06473E-04,3.45419E-04,4.17816E-04,4.90604E-04,4.17380E-04,3.43771E-04,3.03935E-04,2.80920E-04,2.66206E-04,2.56035E-04,2.48589E-04,2.42900E-04,2.38407E-04,2.34763E-04
2.60141E-04,2.63078E-04,2.66594E-04,2.71270E-04,2.77801E-04,2.87013E-04,3.00010E-04,3.19310E-04,3.51728E-04,4.11886E-04,4.71986E-04,4.11527E-04,3.50369E-04,3.17198E-04,2.97985E-04,2.85667E-04,2.77130E-04,2.70865E-04,2.66068E-04,2.62272E-04,2.59188E-04
2.89345E-04,2.91856E-04,2.94855E-04,2.98837E-04,3.04385E-04,3.12184E-04,3.23142E-04,3.39353E-04,3.66484E-04,4.16648E-04,4.66429E-04,4.16352E-04,3.65353E-04,3.37581E-04,3.21430E-04,3.11037E-04,3.03810E-04,2.98491E-04,2.94407E-04,2.91166E-04,2.88527E-04
3.23440E-04,3.25615E-04,3.28204E-04,3.31632E-04,3.36391E-04,3.43049E-04,3.52360E-04,3.66065E-04,3.88890E-04,4.30869E-04,4.72225E-04,4.30623E-04,3.87944E-04,3.64567E-04,3.50900E-04,3.42065E-04,3.35894E-04,3.31333E-04,3.27817E-04,3.25016E-04,3.22726E-04
3.61589E-04,3.63509E-04,3.65780E-04,3.68771E-04,3.72902E-04,3.78647E-04,3.86628E-04,3.98302E-04,4.17623E-04,4.52917E-04,4.87411E-04,4.52711E-04,4.16824E-04,3.97024E-04,3.85373E-04,3.77794E-04,3.72470E-04,3.68511E-04,3.65440E-04,3.62978E-04,3.60950E-04
4.02248E-04,4.03990E-04,4.06027E-04,4.08691E-04,4.12339E-04,4.17366E-04,4.24284E-04,4.34314E-04,4.50784E-04,4.80621E-04,5.09532E-04,4.80447E-04,4.50103E-04,4.33214E-04,4.23193E-04,4.16620E-04,4.11961E-04,4.08464E-04,4.05724E-04,4.03503E-04,4.01654E-04
4.46099E-04,4.47754E-04,4.49657E-04,4.52116E-04,4.55434E-04,4.59939E-04,4.66044E-04,4.74772E-04,4.88936E-04,5.14326E-04,5.38696E-04,5.14179E-04,4.88350E-04,4.73811E-04,4.65080E-04,4.59276E-04,4.55101E-04,4.51917E-04,4.49378E-04,4.47284E-04,4.45508E-04
4.94050E-04,4.95720E-04,4.97597E-04,4.99980E-04,5.03130E-04,5.07312E-04,5.12841E-04,5.20571E-04,5.32893E-04,5.54666E-04,5.75335E-04,5.54540E-04,5.32381E-04,5.19715E-04,5.11967E-04,5.06707E-04,5.02834E-04,4.99806E-04,4.97331E-04,4.95236E-04,4.93416E-04
5.46575E-04,5.48380E-04,5.50354E-04,5.52814E-04,5.55980E-04,5.60055E-04,5.65260E-04,5.72291E-04,5.83194E-04,6.02061E-04,6.19725E-04,6.01951E-04,5.82736E-04,5.71502E-04,5.64436E-04,5.59483E-04,5.55712E-04,5.52663E-04,5.50089E-04,5.47845E-04,5.45841E-04
6.06115E-04,6.08209E-04,6.10444E-04,6.13178E-04,6.16593E-04,6.20834E-04,6.26013E-04,6.32680E-04,6.42595E-04,6.59217E-04,6.74484E-04,6.59120E-04,6.42170E-04,6.31916E-04,6.25190E-04,6.20261E-04,6.16343E-04,6.13047E-04,6.10166E-04,6.07577E-04,6.05204E-04
6.75662E-04,6.78242E-04,6.80942E-04,6.84196E-04,6.88155E-04,6.92898E-04,6.98412E-04,7.05104E-04,7.14501E-04,7.29532E-04,7.42958E-04,7.29443E-04,7.14084E-04,7.04314E-04,6.97529E-04,6.92282E-04,6.87909E-04,6.84085E-04,6.80633E-04,6.77452E-04,6.74476E-04
7.53903E-04,7.57236E-04,7.60681E-04,7.64795E-04,7.69698E-04,7.75395E-04,7.81718E-04,7.88924E-04,7.98353E-04,8.12486E-04,8.24598E-04,8.12400E-04,7.97916E-04,7.88040E-04,7.80694E-04,7.74678E-04,7.69438E-04,7.64701E-04,7.60320E-04,7.56207E-04,7.52307E-04
8.37954E-04,8.42382E-04,8.46936E-04,8.52348E-04,8.58714E-04,8.65950E-04,8.73690E-04,8.82026E-04,8.92154E-04,9.06154E-04,9.17481E-04,9.06067E-04,8.91658E-04,8.80963E-04,8.72420E-04,8.65056E-04,8.58416E-04,8.52270E-04,8.46494E-04,8.41012E-04,8.35773E-04
9.23125E-04,9.29081E-04,9.35204E-04,9.42481E-04,9.50984E-04,9.60518E-04,9.70465E-04,9.80726E-04,9.92393E-04,1.00718E-03,1.01830E-03,1.00708E-03,9.91790E-04,9.79372E-04,9.68808E-04,9.59345E-04,9.50612E-04,9.42417E-04,9.34649E-04,9.27239E-04,9.20139E-04
1.00758E-03,1.01561E-03,1.02389E-03,1.03375E-03,1.04526E-03,1.05808E-03,1.07126E-03,1.08450E-03,1.09881E-03,1.11557E-03,1.12720E-03,1.11546E-03,1.09804E-03,1.08270E-03,1.06903E-03,1.05648E-03,1.04476E-03,1.03369E-03,1.02317E-03,1.01313E-03,1.00352E-03
1.08973E-03,1.10048E-03,1.11162E-03,1.12496E-03,1.14055E-03,1.15789E-03,1.17563E-03,1.19319E-03,1.21160E-03,1.23187E-03,1.24492E-03,1.23173E-03,1.21058E-03,1.19076E-03,1.17258E-03,1.15569E-03,1.13984E-03,1.12488E-03,1.11068E-03,1.09717E-03,1.08428E-03
1.16517E-03,1.17937E-03,1.19421E-03,1.21206E-03,1.23300E-03,1.25635E-03,1.28028E-03,1.30388E-03,1.32826E-03,1.35404E-03,1.36967E-03,1.35385E-03,1.32687E-03,1.30057E-03,1.27610E-03,1.25331E-03,1.23197E-03,1.21190E-03,1.19296E-03,1.17501E-03,1.15798E-03
1.23435E-03,1.25283E-03,1.27231E-03,1.29586E-03,1.32365E-03,1.35480E-03,1.38690E-03,1.41870E-03,1.45146E-03,1.48540E-03,1.50518E-03,1.48516E-03,1.44958E-03,1.41420E-03,1.38121E-03,1.35061E-03,1.32214E-03,1.29554E-03,1.27061E-03,1.24717E-03,1.22505E-03
1.29682E-03,1.32047E-03,1.34561E-03,1.37616E-03,1.41246E-03,1.45345E-03,1.49606E-03,1.53869E-03,1.58288E-03,1.62840E-03,1.65436E-03,1.62807E-03,1.58033E-03,1.53262E-03,1.48838E-03,1.44772E-03,1.41024E-03,1.37555E-03,1.34331E-03,1.31323E-03,1.28506E-03
1.34976E-03,1.37941E-03,1.41120E-03,1.45004E-03,1.49653E-03,1.54947E-03,1.60515E-03,1.66163E-03,1.72093E-03,1.78233E-03,1.81708E-03,1.78188E-03,1.71751E-03,1.65358E-03,1.59497E-03,1.54176E-03,1.49330E-03,1.44893E-03,1.40810E-03,1.37034E-03,1.33528E-03
1.39044E-03,1.42682E-03,1.46618E-03,1.51447E-03,1.57276E-03,1.63978E-03,1.71121E-03,1.78493E-03,1.86367E-03,1.94624E-03,1.99314E-03,1.94564E-03,1.85917E-03,1.77443E-03,1.69799E-03,1.62961E-03,1.56818E-03,1.51261E-03,1.46201E-03,1.41569E-03,1.37305E-03
1.41029E-03,1.45388E-03,1.50146E-03,1.56005E-03,1.63141E-03,1.71433E-03,1.80405E-03,1.89847E-03,2.00146E-03,2.11146E-03,2.17462E-03,2.11066E-03,1.99563E-03,1.88509E-03,1.78724E-03,1.70122E-03,1.62508E-03,1.55711E-03,1.49596E-03,1.44055E-03,1.39003E-03
1.40731E-03,1.45828E-03,1.51440E-03,1.58377E-03,1.66901E-03,1.76922E-03,1.87946E-03,1.99804E-03,2.13047E-03,2.27516E-03,2.35961E-03,2.27412E-03,2.12309E-03,1.98136E-03,1.85863E-03,1.75275E-03,1.66054E-03,1.57940E-03,1.50730E-03,1.44270E-03,1.38439E-03
1.38551E-03,1.44368E-03,1.50827E-03,1.58837E-03,1.68773E-03,1.80599E-03,1.93841E-03,2.08421E-03,2.25133E-03,2.43874E-03,2.55038E-03,2.43740E-03,2.24221E-03,2.06394E-03,1.91325E-03,1.78585E-03,1.67681E-03,1.58228E-03,1.49937E-03,1.42593E-03,1.36033E-03
1.34699E-03,1.41179E-03,1.48435E-03,1.57462E-03,1.68768E-03,1.82398E-03,1.97948E-03,2.15500E-03,2.36188E-03,2.60064E-03,2.74627E-03,2.59895E-03,2.35086E-03,2.13100E-03,1.94988E-03,1.80002E-03,1.67407E-03,1.56656E-03,1.47352E-03,1.39210E-03,1.32013E-03
1.29458E-03,1.36526E-03,1.44505E-03,1.54464E-03,1.67062E-03,1.82452E-03,2.00357E-03,2.21098E-03,2.46270E-03,2.76231E-03,2.94983E-03,2.76022E-03,2.44968E-03,2.18319E-03,1.96956E-03,1.79674E-03,1.65419E-03,1.53445E-03,1.43226E-03,1.34390E-03,1.26665E-03
1.22892E-03,1.30430E-03,1.39009E-03,1.49753E-03,1.63480E-03,1.80478E-03,2.00652E-03,2.24653E-03,2.54675E-03,2.91578E-03,3.15318E-03,2.91325E-03,2.53174E-03,2.21517E-03,1.96847E-03,1.77343E-03,1.61563E-03,1.48520E-03,1.37546E-03,1.28172E-03,1.20064E-03
1.14419E-03,1.22224E-03,1.31177E-03,1.42432E-03,1.56955E-03,1.75190E-03,1.97277E-03,2.24278E-03,2.59122E-03,3.03423E-03,3.32757E-03,3.03125E-03,2.57448E-03,2.20855E-03,1.93158E-03,1.71774E-03,1.54807E-03,1.41013E-03,1.29568E-03,1.19911E-03,1.11648E-03
1.04511E-03,1.12350E-03,1.21415E-03,1.32855E-03,1.47764E-03,1.66743E-03,1.90208E-03,2.19695E-03,2.58982E-03,3.10715E-03,3.46024E-03,3.10376E-03,2.57178E-03,2.16088E-03,1.85904E-03,1.63154E-03,1.45454E-03,1.31298E-03,1.19715E-03,1.10058E-03,1.01881E-03
9.50265E-04,1.02754E-03,1.11756E-03,1.23163E-03,1.38167E-03,1.57516E-03,1.81915E-03,2.13408E-03,2.56710E-03,3.15779E-03,3.57346E-03,3.15402E-03,2.54819E-03,2.09704E-03,1.77530E-03,1.53841E-03,1.35755E-03,1.21513E-03,1.10011E-03,1.00527E-03,9.25735E-04
8.56612E-04,9.31194E-04,1.01869E-03,1.13000E-03,1.27766E-03,1.47042E-03,1.71808E-03,2.04608E-03,2.51123E-03,3.16847E-03,3.64545E-03,3.16442E-03,2.49200E-03,2.00915E-03,1.67463E-03,1.43382E-03,1.25324E-03,1.11310E-03,1.00128E-03,9.10024E-04,8.34150E-04
7.67251E-04,8.37983E-04,9.21495E-04,1.02812E-03,1.17067E-03,1.35885E-03,1.60486E-03,1.93870E-03,2.42638E-03,3.13973E-03,3.67346E-03,3.13548E-03,2.40738E-03,1.90280E-03,1.56283E-03,1.32327E-03,1.14660E-03,1.01131E-03,9.04544E-04,8.18200E-04,7.46965E-04
6.87378E-04,7.53712E-04,8.32458E-04,9.33317E-04,1.06904E-03,1.24994E-03,1.49011E-03,1.82327E-03,2.32350E-03,3.07969E-03,3.66229E-03,3.07536E-03,2.30518E-03,1.78908E-03,1.45019E-03,1.21595E-03,1.04575E-03,9.16930E-04,8.16219E-04,7.35404E-04,6.69164E-04
6.06775E-04,6.67612E-04,7.40175E-04,8.33375E-04,9.59513E-04,1.12909E-03,1.35740E-03,1.68058E-03,2.17858E-03,2.95567E-03,3.57177E-03,2.95141E-03,2.16147E-03,1.64896E-03,1.32050E-03,1.09748E-03,9.37600E-04,8.17855E-04,7.25017E-04,6.51025E-04,5.90721E-04
5.31734E-04,5.86717E-04,6.52555E-04,7.37301E-04,8.52538E-04,1.00858E-03,1.22121E-03,1.52758E-03,2.01076E-03,2.78706E-03,3.41919E-03,2.78299E-03,1.99519E-03,1.49896E-03,1.18776E-03,9.79732E-04,8.32318E-04,7.22890E-04,6.38646E-04,5.71883E-04,5.17724E-04
4.62224E-04,5.11200E-04,5.70023E-04,6.45853E-04,7.49342E-04,8.90289E-04,1.08425E-03,1.36797E-03,1.82448E-03,2.57720E-03,3.20509E-03,2.57342E-03,1.81066E-03,1.34259E-03,1.05449E-03,8.64422E-04,7.31024E-04,6.32719E-04,5.57466E-04,4.98100E-04,4.50118E-04
3.95082E-04,4.37775E-04,4.89171E-04,5.55494E-04,6.46262E-04,7.70455E-04,9.42772E-04,1.19804E-03,1.61593E-03,2.32086E-03,2.92174E-03,2.31747E-03,1.60401E-03,1.17611E-03,9.16919E-04,7.47815E-04,6.30070E-04,5.43816E-04,4.78093E-04,4.26435E-04,3.84807E-04
3.31853E-04,3.68284E-04,4.12216E-04,4.68935E-04,5.46717E-04,6.53515E-04,8.02675E-04,1.02594E-03,1.39671E-03,2.03433E-03,2.58801E-03,2.03139E-03,1.38671E-03,1.00745E-03,7.80742E-04,6.34153E-04,5.32735E-04,4.58794E-04,4.02657E-04,3.58661E-04,3.23289E-04
2.72985E-04,3.03335E-04,3.39977E-04,3.87287E-04,4.52256E-04,5.41692E-04,6.67245E-04,8.56746E-04,1.17509E-03,1.73125E-03,2.22167E-03,1.72879E-03,1.16693E-03,8.41554E-04,6.49105E-04,5.25548E-04,4.40491E-04,3.78706E-04,3.31931E-04,2.95353E-04,2.65998E-04
2.18495E-04,2.43034E-04,2.72682E-04,3.10952E-04,3.63551E-04,4.36091E-04,5.38325E-04,6.93633E-04,9.56905E-04,1.42261E-03,1.83832E-03,1.42062E-03,9.50452E-04,6.81531E-04,5.23774E-04,4.23040E-04,3.53959E-04,3.03918E-04,2.66115E-04,2.36601E-04,2.12948E-04
1.67425E-04,1.86385E-04,2.09303E-04,2.38872E-04,2.79534E-04,3.35682E-04,4.15055E-04,5.36258E-04,7.43194E-04,1.11288E-03,1.44613E-03,1.11135E-03,7.38323E-04,5.27049E-04,4.03905E-04,3.25606E-04,2.72068E-04,2.33370E-04,2.04184E-04,1.81427E-04,1.63208E-04
1.21874E-04,1.35771E-04,1.52573E-04,1.74237E-04,2.04036E-04,2.45219E-04,3.03572E-04,3.93038E-04,5.46641E-04,8.23153E-04,1.07429E-03,8.22036E-04,5.43153E-04,3.86390E-04,2.95467E-04,2.37842E-04,1.98529E-04,1.70160E-04,1.48790E-04,1.32145E-04,1.18829E-04
8.32913E-05,9.28434E-05,1.04393E-04,1.19273E-04,1.39741E-04,1.68044E-04,2.08216E-04,2.70002E-04,3.76531E-04,5.69396E-04,7.45547E-04,5.68635E-04,3.74187E-04,2.65500E-04,2.02692E-04,1.62981E-04,1.35935E-04,1.16442E-04,1.01773E-04,9.03546E-05,8.12257E-05
5.24878E-05,5.85360E-05,6.58482E-05,7.52620E-05,8.82090E-05,1.06116E-04,1.31567E-04,1.70803E-04,2.38668E-04,3.62042E-04,4.75171E-04,3.61564E-04,2.37215E-04,1.67992E-04,1.28097E-04,1.02916E-04,8.57874E-05,7.34535E-05,6.41778E-05,5.69619E-05,5.11954E-05
2.95447E-05,3.29635E-05,3.70962E-05,4.24119E-05,4.97209E-05,5.98310E-05,7.42141E-05,9.64307E-05,1.34951E-04,2.05192E-04,2.69781E-04,2.04925E-04,1.34148E-04,9.48642E-05,7.22683E-05,5.80257E-05,4.83461E-05,4.13809E-05,3.61456E-05,3.20746E-05,2.88224E-05
1.46121E-05,1.63094E-05,1.83606E-05,2.09965E-05,2.46194E-05,2.96305E-05,3.67648E-05,4.78014E-05,6.69726E-05,1.02003E-04,1.34273E-04,1.01872E-04,6.65820E-05,4.70347E-05,3.58067E-05,2.87361E-05,2.39341E-05,2.04804E-05,1.78856E-05,1.58684E-05,1.42574E-05
6.05341E-06,6.75914E-06,7.61164E-06,8.70603E-06,1.02095E-05,1.22886E-05,1.52502E-05,1.98375E-05,2.78165E-05,4.24152E-05,5.58751E-05,4.23613E-05,2.76577E-05,1.95235E-05,1.48554E-05,1.19176E-05,9.92343E-06,8.48971E-06,7.41282E-06,6.57590E-06,5.90761E-06
1.90438E-06,2.12725E-06,2.39632E-06,2.74127E-06,3.21485E-06,3.86946E-06,4.80224E-06,6.24845E-06,8.76616E-06,1.33743E-05,1.76220E-05,1.33575E-05,8.71730E-06,6.15104E-06,4.67885E-06,3.75266E-06,3.12411E-06,2.67232E-06,2.33305E-06,2.06942E-06,1.85893E-06
3.64952E-07,4.07801E-07,4.59507E-07,5.25721E-07,6.16570E-07,7.42098E-07,9.21022E-07,1.19866E-06,1.68234E-06,2.56785E-06,3.38389E-06,2.56467E-06,1.67316E-06,1.18022E-06,8.97516E-07,7.19705E-07,5.99061E-07,5.12362E-07,4.47264E-07,3.96687E-07,3.56311E-07
2.31132E-08,2.58352E-08,2.91178E-08,3.33159E-08,3.90717E-08,4.70200E-08,5.83498E-08,7.59380E-08,1.06582E-07,1.62637E-07,2.14218E-07,1.62438E-07,1.06012E-07,7.47860E-08,5.68712E-08,4.56019E-08,3.79555E-08,3.24605E-08,2.83347E-08,2.51294E-08,2.25706E-08
3.01210E-13,3.28763E-13,3.63875E-13,4.14087E-13,4.87186E-13,5.92778E-13,7.43233E-13,9.69513E-13,1.36237E-12,2.12947E-12,2.91651E-12,2.12467E-12,1.34304E-12,9.39118E-13,7.14235E-13,5.74502E-13,4.80077E-13,4.12231E-13,3.61204E-13,3.21468E-13,2.89665E-13
